4294967279,87
1094,4
4294967278,319
4294967279,426
1077,2
4294967279,352
1077,4
1077,5
4294967278,126
4294967278,125
4294967278,124
4294967278,123
4294967278,122
4294967278,118
4294967278,116
4294967278,115
4294967278,113
4294967278,112
4294967278,111
4294967278,295
4294967278,107
4294967278,106
4294967278,105
4294967278,104
4294967278,103
4294967278,102
4294967278,101
4294967278,100
4294967278,99
4294967278,328
4294967278,564
4294967278,94
4294967278,91
4294967278,90
4294967278,89
4294967278,87
4294967278,86
4294967278,287
4294967278,85
4294967278,84
4294967278,83
4294967278,82
4294967278,81
4294967278,77
4294967278,76
4294967278,74
4294967278,73
4294967278,72
4294967278,71
4294967278,70
4294967278,69
4294967278,65
4294967278,64
4294967278,63
4294967278,62
4294967278,58
4294967279,371
1076,4
4294967294,15
4294967294,12
1075,2
4294967278,364
4294967279,297
1086,2
4294967278,245
4294967278,243
4294967278,241
4294967278,240
4294967278,235
1093,2
1093,4
1093,5
1086,4
1086,5
4294967279,401
4294967294,114
4294967278,218
1144,5
1144,4
1144,3
1144,2
1144,1
4294967279,400
4294967279,387
4294967279,449
4294967278,206
4294967294,1585
4294967278,203
4294967278,202
1143,6
1143,5
4294967278,201
1143,4
1143,3
1143,2
1143,1
4294967278,197
4294967278,327
4294967278,196
4294967294,1430
4294967294,1427
4294967294,1424
4294967294,1432
4294967294,1439
4294967294,178
4294967294,940
4294967294,1422
4294967294,167
4294967294,183
4294967294,1675
4294967294,495
4294967294,1625
4294967278,363
4294967279,296
4294967278,190
4294967278,344
4294967278,362
4294967279,413
4294967279,187
4294967278,361
4294967279,186
4294967278,185
4294967279,185
4294967279,462
4294967278,184
4294967279,184
4294967278,182
4294967279,182
4294967279,179
1141,6
4294967279,181
1141,5
1141,4
4294967279,180
1141,3
1141,2
1141,1
4294967279,412
4294967279,315
4294967278,342
4294967278,273
4294967279,429
4294967279,171
4294967278,165
4294967294,387
4294967279,435
4294967279,376
4294967294,1655
4294967279,162
4294967279,161
4294967279,154
4294967278,554
4294967278,132
4294967278,330
4294967278,512
4294967278,130
4294967278,129
4294967278,128
4294967278,127
4294967278,121
4294967278,120
4294967278,119
4294967278,117
4294967278,114
4294967278,110
4294967278,108
4294967278,98
4294967278,97
4294967278,96
4294967278,95
4294967278,93
4294967278,92
4294967278,80
4294967278,79
4294967278,78
4294967278,75
4294967278,67
4294967278,66
4294967278,61
4294967278,59
4294967278,57
4294967278,56
4294967278,55
4294967279,72
4294967279,70
4294967279,446
4294967279,68
4294967279,67
4294967279,66
4294967279,61
4294967279,59
4294967279,58
4294967279,57
4294967279,56
4294967279,55
4294967279,54
4294967279,51
4294967279,49
4294967279,47
4294967279,45
4294967279,44
4294967279,37
4294967279,36
4294967279,35
4294967279,34
4294967279,33
4294967279,28
4294967279,26
4294967279,25
4294967279,24
4294967279,23
4294967279,295
4294967279,48
4294967279,19
4294967279,15
4294967279,326
4294967279,13
4294967279,8
4294967279,4
4294967294,1118
4294967279,46
4294967279,362
4294967278,569
1139,5
1139,4
1139,3
1139,2
1139,1
4294967278,155
4294967278,304
4294967279,40
4294967279,497
4294967279,473
4294967279,38
4294967279,440
4294967278,149
4294967278,550
1138,6
1138,5
1138,4
1138,3
1138,2
1138,1
4294967278,144
4294967294,190
4294967294,907
4294967294,961
4294967294,913
4294967294,89
4294967279,30
4294967279,410
4294967278,549
4294967279,314
4294967279,27
4294967278,134
4294967278,433
4294967294,38
4294967278,360
4294967279,17
4294967294,36
4294967294,39
4294967278,547
4294967279,16
4294967279,335
4294967294,392
4294967294,389
4294967294,1415
4294967278,562
4294967278,522
4294967279,14
4294967278,261
1136,8
4294967278,276
1136,7
1136,6
1136,5
1136,4
1136,3
1136,2
1136,1
4294967279,6
4294967279,428
4294967278,359
4294967279,5
4294967294,1441
4294967294,1187
4294967279,372
4294967278,131
4294967279,344
4294967279,287
4294967279,313
4294967294,291
4294967278,347
4294967279,312
4294967278,358
4294967279,247
4294967279,471
4294967279,245
4294967294,41
4294967294,5
4294967294,50
4294967278,357
1077,3
4294967294,1654
4294967294,42
4294967294,290
4294967278,281
4294967279,370
4294967294,37
4294967294,1564
4294967294,44
4294967294,52
4294967294,1182
4294967294,1414
4294967294,51
4294967278,109
4294967278,341
4294967279,311
4294967279,349
4294967279,0
4294967278,226
4294967278,326
4294967294,40
4294967294,76
4294967279,269
4294967294,1670
4294967294,1669
4294967294,1657
4294967294,1117
4294967294,1116
4294967294,82
4294967294,84
4294967294,87
4294967294,85
4294967294,83
4294967278,429
4294967294,1120
4294967294,91
4294967294,90
4294967278,338
4294967279,198
4294967279,197
4294967279,363
4294967294,22
4294967294,17
4294967294,99
4294967278,324
4294967279,340
4294967279,310
1126,5
4294967294,1409
4294967294,107
1126,4
1126,3
1126,2
1126,1
4294967278,293
4294967294,46
1075,4
4294967294,68
4294967294,11
4294967294,1181
4294967279,75
4294967279,65
4294967294,81
4294967294,981
4294967294,915
4294967294,1174
4294967294,1434
4294967294,1428
4294967294,1446
4294967294,1641
4294967294,1645
4294967294,479
4294967294,1649
4294967294,483
4294967294,180
4294967279,74
4294967279,341
4294967279,73
4294967294,1584
4294967294,2
4294967279,71
4294967279,337
4294967279,69
4294967294,7
4294967278,68
4294967278,524
4294967294,6
4294967279,178
4294967294,94
4294967294,93
4294967294,96
4294967294,95
